## Вариант 2

### Задание
Решить краевую задачу для дифференциального уравнения эллиптического типа. Аппроксимацию уравнения произвести с использованием центрально-разностной схемы. Для решения дискретного аналога применить следующие методы: метод простых итераций (метод Либмана), метод Зейделя, метод простых итераций с верхней релаксацией. Вычислить погрешность численного решения путем сравнения результатов с приведенным в задании аналитическим решением U(x, y). Исследовать зависимость погрешности от сеточных параметров hx, hy.

(d^2u)/(dx^2) + (d^2u)/(dy^2) = 0,

u_x(0,y) = 0,

u(1,y) = 1 - y^2,

u_y(x,0) = 0,

u(x,1) = x^2 - 1

Аналитическое решение:
U(x, y) = x^2 - y^2

### Результаты работы

```bash
(venv) ak@MacBook-Air-AK lab7 % python3 main.py
Enter step 'h': 0.1
---------------- SIMPLE ITER ----------------
INFO : iters count = 70
[[-0.    0.01  0.04  0.09  0.16  0.25  0.36  0.49  0.64  0.81  1.  ]
 [-0.01 -0.    0.03  0.08  0.15  0.24  0.35  0.48  0.63  0.8   0.99]
 [-0.04 -0.03 -0.    0.05  0.12  0.21  0.32  0.45  0.6   0.77  0.96]
 [-0.09 -0.08 -0.05 -0.    0.07  0.16  0.27  0.4   0.55  0.72  0.91]
 [-0.16 -0.15 -0.12 -0.07  0.    0.09  0.2   0.33  0.48  0.65  0.84]
 [-0.25 -0.24 -0.21 -0.16 -0.09  0.    0.11  0.24  0.39  0.56  0.75]
 [-0.36 -0.35 -0.32 -0.27 -0.2  -0.11  0.    0.13  0.28  0.45  0.64]
 [-0.49 -0.48 -0.45 -0.4  -0.33 -0.24 -0.13  0.    0.15  0.32  0.51]
 [-0.64 -0.63 -0.6  -0.55 -0.48 -0.39 -0.28 -0.15  0.    0.17  0.36]
 [-0.81 -0.8  -0.77 -0.72 -0.65 -0.56 -0.45 -0.32 -0.17  0.    0.19]
 [-1.   -0.99 -0.96 -0.91 -0.84 -0.75 -0.64 -0.51 -0.36 -0.19  0.  ]]

Error:  0.000836917537235804
---------------------------------------------
--------------- ANALYTICAL ------------------
[[ 0.    0.01  0.04  0.09  0.16  0.25  0.36  0.49  0.64  0.81  1.  ]
 [-0.01  0.    0.03  0.08  0.15  0.24  0.35  0.48  0.63  0.8   0.99]
 [-0.04 -0.03  0.    0.05  0.12  0.21  0.32  0.45  0.6   0.77  0.96]
 [-0.09 -0.08 -0.05  0.    0.07  0.16  0.27  0.4   0.55  0.72  0.91]
 [-0.16 -0.15 -0.12 -0.07  0.    0.09  0.2   0.33  0.48  0.65  0.84]
 [-0.25 -0.24 -0.21 -0.16 -0.09  0.    0.11  0.24  0.39  0.56  0.75]
 [-0.36 -0.35 -0.32 -0.27 -0.2  -0.11  0.    0.13  0.28  0.45  0.64]
 [-0.49 -0.48 -0.45 -0.4  -0.33 -0.24 -0.13  0.    0.15  0.32  0.51]
 [-0.64 -0.63 -0.6  -0.55 -0.48 -0.39 -0.28 -0.15  0.    0.17  0.36]
 [-0.81 -0.8  -0.77 -0.72 -0.65 -0.56 -0.45 -0.32 -0.17  0.    0.19]
 [-1.   -0.99 -0.96 -0.91 -0.84 -0.75 -0.64 -0.51 -0.36 -0.19  0.  ]]


---------------- SEIDEL ----------------
INFO : iters count = 37
[[-0.    0.01  0.04  0.09  0.16  0.25  0.36  0.49  0.64  0.81  1.  ]
 [-0.01  0.    0.03  0.08  0.15  0.24  0.35  0.48  0.63  0.8   0.99]
 [-0.04 -0.03  0.    0.05  0.12  0.21  0.32  0.45  0.6   0.77  0.96]
 [-0.09 -0.08 -0.05  0.    0.07  0.16  0.27  0.4   0.55  0.72  0.91]
 [-0.16 -0.15 -0.12 -0.07  0.    0.09  0.2   0.33  0.48  0.65  0.84]
 [-0.25 -0.24 -0.21 -0.16 -0.09  0.    0.11  0.24  0.39  0.56  0.75]
 [-0.36 -0.35 -0.32 -0.27 -0.2  -0.11  0.    0.13  0.28  0.45  0.64]
 [-0.49 -0.48 -0.45 -0.4  -0.33 -0.24 -0.13 -0.    0.15  0.32  0.51]
 [-0.64 -0.63 -0.6  -0.55 -0.48 -0.39 -0.28 -0.15  0.    0.17  0.36]
 [-0.81 -0.8  -0.77 -0.72 -0.65 -0.56 -0.45 -0.32 -0.17  0.    0.19]
 [-1.   -0.99 -0.96 -0.91 -0.84 -0.75 -0.64 -0.51 -0.36 -0.19  0.  ]]

Error:  0.0008244650397923881
-----------------------------------------
-------------- ANALYTICAL ---------------
[[ 0.    0.01  0.04  0.09  0.16  0.25  0.36  0.49  0.64  0.81  1.  ]
 [-0.01  0.    0.03  0.08  0.15  0.24  0.35  0.48  0.63  0.8   0.99]
 [-0.04 -0.03  0.    0.05  0.12  0.21  0.32  0.45  0.6   0.77  0.96]
 [-0.09 -0.08 -0.05  0.    0.07  0.16  0.27  0.4   0.55  0.72  0.91]
 [-0.16 -0.15 -0.12 -0.07  0.    0.09  0.2   0.33  0.48  0.65  0.84]
 [-0.25 -0.24 -0.21 -0.16 -0.09  0.    0.11  0.24  0.39  0.56  0.75]
 [-0.36 -0.35 -0.32 -0.27 -0.2  -0.11  0.    0.13  0.28  0.45  0.64]
 [-0.49 -0.48 -0.45 -0.4  -0.33 -0.24 -0.13  0.    0.15  0.32  0.51]
 [-0.64 -0.63 -0.6  -0.55 -0.48 -0.39 -0.28 -0.15  0.    0.17  0.36]
 [-0.81 -0.8  -0.77 -0.72 -0.65 -0.56 -0.45 -0.32 -0.17  0.    0.19]
 [-1.   -0.99 -0.96 -0.91 -0.84 -0.75 -0.64 -0.51 -0.36 -0.19  0.  ]]


---------------- RELAXATION ITER ----------------
INFO : iters count = 16
[[ 0.    0.01  0.04  0.09  0.16  0.25  0.36  0.49  0.64  0.81  1.  ]
 [-0.01 -0.    0.03  0.08  0.15  0.24  0.35  0.48  0.63  0.8   0.99]
 [-0.04 -0.03  0.    0.05  0.12  0.21  0.32  0.45  0.6   0.77  0.96]
 [-0.09 -0.08 -0.05  0.    0.07  0.16  0.27  0.4   0.55  0.72  0.91]
 [-0.16 -0.15 -0.12 -0.07  0.    0.09  0.2   0.33  0.48  0.65  0.84]
 [-0.25 -0.24 -0.21 -0.16 -0.09  0.    0.11  0.24  0.39  0.56  0.75]
 [-0.36 -0.35 -0.32 -0.27 -0.2  -0.11 -0.    0.13  0.28  0.45  0.64]
 [-0.49 -0.48 -0.45 -0.4  -0.33 -0.24 -0.13  0.    0.15  0.32  0.51]
 [-0.64 -0.63 -0.6  -0.55 -0.48 -0.39 -0.28 -0.15  0.    0.17  0.36]
 [-0.81 -0.8  -0.77 -0.72 -0.65 -0.56 -0.45 -0.32 -0.17 -0.    0.19]
 [-1.   -0.99 -0.96 -0.91 -0.84 -0.75 -0.64 -0.51 -0.36 -0.19  0.  ]]

Error:  0.00016582723471558758
-------------------------------------------------
------------------ ANALYTICAL -------------------
[[ 0.    0.01  0.04  0.09  0.16  0.25  0.36  0.49  0.64  0.81  1.  ]
 [-0.01  0.    0.03  0.08  0.15  0.24  0.35  0.48  0.63  0.8   0.99]
 [-0.04 -0.03  0.    0.05  0.12  0.21  0.32  0.45  0.6   0.77  0.96]
 [-0.09 -0.08 -0.05  0.    0.07  0.16  0.27  0.4   0.55  0.72  0.91]
 [-0.16 -0.15 -0.12 -0.07  0.    0.09  0.2   0.33  0.48  0.65  0.84]
 [-0.25 -0.24 -0.21 -0.16 -0.09  0.    0.11  0.24  0.39  0.56  0.75]
 [-0.36 -0.35 -0.32 -0.27 -0.2  -0.11  0.    0.13  0.28  0.45  0.64]
 [-0.49 -0.48 -0.45 -0.4  -0.33 -0.24 -0.13  0.    0.15  0.32  0.51]
 [-0.64 -0.63 -0.6  -0.55 -0.48 -0.39 -0.28 -0.15  0.    0.17  0.36]
 [-0.81 -0.8  -0.77 -0.72 -0.65 -0.56 -0.45 -0.32 -0.17  0.    0.19]
 [-1.   -0.99 -0.96 -0.91 -0.84 -0.75 -0.64 -0.51 -0.36 -0.19  0.  ]]
```

![alt text](https://github.com/san-kir-k/80-406b-19/blob/kireev-lab7/lab7/screen1.png)

![alt text](https://github.com/san-kir-k/80-406b-19/blob/kireev-lab7/lab7/screen2.png)

![alt text](https://github.com/san-kir-k/80-406b-19/blob/kireev-lab7/lab7/screen3.png)
